[1, 47, 3.5, 1112484727]
[1, 223, 4.0, 1112485573]
[1, 296, 4.0, 1112484767]
[1, 541, 4.0, 1112484603]
[1, 919, 3.5, 1094785621]
[1, 29, 3.5, 1112484676]
[1, 112, 3.5, 1094785740]
[1, 260, 4.0, 1112484826]
[1, 337, 3.5, 1094785709]
[1, 593, 3.5, 1112484661]
[1, 1079, 4.0, 1094785665]
[1, 1097, 4.0, 1112485701]
[1, 1198, 4.5, 1112484624]
[1, 1214, 4.0, 1094785977]
[1, 1222, 3.5, 1112484637]
[1, 1009, 3.5, 1112486013]
[1, 1089, 3.5, 1112484669]
[1, 1193, 3.5, 1112484690]
[1, 1201, 3.0, 1112484642]
[1, 1217, 3.5, 1112484810]
[1, 1249, 4.0, 1112485382]
[1, 1262, 3.5, 1112484735]
[1, 1304, 3.0, 1094785720]
[1, 1350, 3.5, 1094786158]
[1, 1387, 4.0, 1112484913]
[1, 1243, 3.0, 1112485567]
[1, 1259, 4.0, 1112485440]
[1, 1278, 4.0, 1094785986]
[1, 1333, 4.0, 1112484990]
[1, 1370, 3.0, 1094785764]
[1, 1848, 3.5, 1112486032]
[1, 1997, 3.5, 1094786034]
[1, 2138, 4.0, 1112485789]
[1, 2174, 4.0, 1112485843]
[1, 2288, 4.0, 1094786077]
[1, 1584, 3.5, 1094785656]
[1, 1967, 4.0, 1112485739]
[1, 2100, 4.0, 1112485955]
[1, 2143, 4.0, 1112485951]
[1, 2194, 3.5, 1112485486]
[1, 2644, 3.5, 1112484994]
[1, 2692, 3.5, 1112484749]
[1, 2804, 3.5, 1112485414]
[1, 2947, 3.5, 1112485580]
[1, 3030, 3.0, 1112484548]
[1, 2542, 4.0, 1112485447]
[1, 2664, 3.5, 1094786148]
[1, 2761, 3.0, 1112484759]
[1, 2918, 3.5, 1112485465]
[1, 2968, 4.0, 1112485825]
[1, 32, 3.5, 1112484819]
[1, 151, 4.0, 1094785734]
[1, 293, 4.0, 1112484703]
[1, 367, 3.5, 1112485980]
[1, 653, 3.0, 1094785691]
[1, 2, 3.5, 1112486027]
[1, 50, 3.5, 1112484580]
[1, 253, 4.0, 1112484940]
[1, 318, 4.0, 1112484798]
[1, 589, 3.5, 1112485557]
[1, 1036, 4.0, 1112485480]
[1, 1090, 4.0, 1112485453]
[1, 1196, 4.5, 1112484742]
[1, 1208, 3.5, 1112484815]
[1, 1219, 4.0, 1094785994]
[1, 924, 3.5, 1094785598]
[1, 1080, 3.5, 1112485375]
[1, 1136, 3.5, 1112484609]
[1, 1200, 4.0, 1112484560]
[1, 1215, 4.0, 1094786082]
[1, 1246, 3.5, 1094785759]
[1, 1261, 3.5, 1094786113]
[1, 1291, 3.5, 1112485525]
[1, 1348, 3.5, 1094786056]
[1, 1374, 4.0, 1094785746]
[1, 1240, 4.0, 1112485401]
[1, 1258, 4.0, 1094785994]
[1, 1266, 4.0, 1112485371]
[1, 1321, 4.0, 1094786062]
[1, 1358, 4.0, 1112485419]
[1, 1750, 3.5, 1112486201]
[1, 1994, 3.5, 1094786087]
[1, 2118, 4.0, 1094786092]
[1, 2173, 4.0, 1112485887]
[1, 2253, 3.5, 1112486122]
[1, 1525, 3.0, 1112486150]
[1, 1920, 3.5, 1112486098]
[1, 2021, 4.0, 1112485929]
[1, 2140, 4.0, 1112485705]
[1, 2193, 4.0, 1112485753]
[1, 2628, 4.0, 1112485988]
[1, 2683, 3.5, 1094785650]
[1, 2762, 4.0, 1112485367]
[1, 2944, 4.0, 1112485433]
[1, 3000, 3.5, 1112484569]
[1, 2291, 4.0, 1094785777]
[1, 2648, 3.5, 1094786017]
[1, 2716, 3.5, 1094786012]
[1, 2872, 4.0, 1112485697]
[1, 2959, 4.0, 1094785698]
